              precision    recall  f1-score   support

         ADJ     0.6925    0.5967    0.6410       600
         ADP     0.9089    0.9163    0.9126      1959
         ADV     0.7875    0.6611    0.7188       841
         AUX     0.4734    0.5442    0.5063       147
       CCONJ     0.9562    0.9555    0.9559      1394
         DET     0.8563    0.8865    0.8711      1929
        INTJ     0.3333    0.5000    0.4000         2
        NOUN     0.8401    0.8810    0.8601      2480
         NUM     0.8214    0.8944    0.8564       180
        PART     0.9680    0.9837    0.9758       123
        PRON     0.7744    0.7920    0.7831      1452
       PROPN     0.8981    0.8740    0.8859       635
       PUNCT     0.9993    0.9973    0.9983      1459
       SCONJ     0.9326    0.8967    0.9143       910
         SYM     0.8919    0.9706    0.9296        34
        VERB     0.8464    0.8455    0.8459      2893
           X     0.0000    0.0000    0.0000         5

    accuracy                         0.8657     17043
   macro avg     0.7635    0.7762    0.7679     17043
weighted avg     0.8651    0.8657    0.8648     17043
