TOKEN-LEVEL RESULTS
==================================================
              precision    recall  f1-score   support

         ADJ     0.9305    0.9131    0.9217       748
         ADP     0.9546    0.9626    0.9586      2405
         ADV     0.8791    0.8688    0.8739      1029
         AUX     0.9404    0.9170    0.9286       241
       CCONJ     0.9848    0.9848    0.9848      1713
         DET     0.9199    0.9248    0.9223      2286
        INTJ     0.4000    0.4000    0.4000         5
        NOUN     0.9488    0.9522    0.9505      3094
         NUM     0.8418    0.9116    0.8753       181
        PART     1.0000    0.9848    0.9924       132
        PRON     0.9156    0.9161    0.9158      1871
       PROPN     0.9751    0.9560    0.9655       819
       PUNCT     0.9994    0.9988    0.9991      1663
       SCONJ     0.9695    0.9776    0.9735      1072
         SYM     0.9184    0.9375    0.9278        48
        VERB     0.9485    0.9451    0.9468      3586
           X     0.8000    0.6000    0.6857        20

    accuracy                         0.9472     20913
   macro avg     0.9016    0.8912    0.8954     20913
weighted avg     0.9472    0.9472    0.9472     20913
