              precision    recall  f1-score   support

         ADJ     0.7273    0.6797    0.7027       612
         ADP     0.9007    0.9435    0.9216      1999
         ADV     0.8122    0.6799    0.7402       859
         AUX     0.5263    0.4636    0.4930       151
       CCONJ     0.9431    0.9704    0.9565      1417
         DET     0.8686    0.9178    0.8925      1959
        INTJ     0.3333    0.5000    0.4000         2
        NOUN     0.8838    0.8821    0.8829      2527
         NUM     0.8710    0.8901    0.8804       182
        PART     0.9843    1.0000    0.9921       125
        PRON     0.8233    0.7761    0.7990      1483
       PROPN     0.9033    0.9061    0.9047       639
       PUNCT     0.9993    0.9973    0.9983      1473
       SCONJ     0.9210    0.9129    0.9169       919
         SYM     0.9429    0.9706    0.9565        34
        VERB     0.8606    0.8738    0.8671      2947
           X     0.5000    0.2000    0.2857         5

    accuracy                         0.8823     17333
   macro avg     0.8118    0.7979    0.7994     17333
weighted avg     0.8806    0.8823    0.8809     17333
