              precision    recall  f1-score   support

         ADJ     0.6786    0.6617    0.6700       600
         ADP     0.9044    0.9178    0.9111      1959
         ADV     0.7701    0.6611    0.7115       841
         AUX     0.5841    0.4490    0.5077       147
       CCONJ     0.9508    0.9562    0.9535      1394
         DET     0.8702    0.8756    0.8729      1929
        INTJ     0.3333    0.5000    0.4000         2
        NOUN     0.8654    0.8552    0.8603      2480
         NUM     0.8220    0.8722    0.8464       180
        PART     0.9683    0.9919    0.9799       123
        PRON     0.7492    0.7837    0.7661      1452
       PROPN     0.9011    0.8756    0.8882       635
       PUNCT     1.0000    0.9973    0.9986      1459
       SCONJ     0.9144    0.9044    0.9094       910
         SYM     0.8889    0.9412    0.9143        34
        VERB     0.8330    0.8621    0.8473      2893
           X     0.0000    0.0000    0.0000         5

    accuracy                         0.8648     17043
   macro avg     0.7667    0.7709    0.7669     17043
weighted avg     0.8638    0.8648    0.8639     17043
