              precision    recall  f1-score   support

         ADJ     0.9474    0.6885    0.7975       183
         ADP     0.9359    0.9473    0.9416      1386
         ADV     0.7752    0.7708    0.7730       528
       CCONJ     0.9913    0.9866    0.9889      1041
         DET     0.8588    0.8881    0.8732      1466
        INTJ     1.0000    0.6667    0.8000         3
        NOUN     0.9004    0.9371    0.9184      1399
         NUM     0.8984    0.7770    0.8333       148
        PART     0.9935    0.9870    0.9902       154
        PRON     0.8268    0.8633    0.8447       885
       PROPN     0.9778    0.9837    0.9807       492
       PUNCT     0.9993    1.0000    0.9996      1347
       SCONJ     0.9831    0.9820    0.9825       888
         SYM     0.9545    1.0000    0.9767        42
        VERB     0.9427    0.9039    0.9229      2019
           X     1.0000    0.5000    0.6667        10

    accuracy                         0.9252     11991
   macro avg     0.9366    0.8676    0.8931     11991
weighted avg     0.9261    0.9252    0.9250     11991
