              precision    recall  f1-score   support

         ADJ     0.7309    0.6935    0.7117       372
         ADP     0.8585    0.9151    0.8859       577
         ADV     0.7425    0.6092    0.6692       284
         AUX     0.5379    0.5338    0.5358       133
       CCONJ     0.8561    0.8775    0.8667       400
         DET     0.8889    0.9107    0.8997       448
        INTJ     0.0000    0.0000    0.0000         0
        NOUN     0.8352    0.8212    0.8281      1018
         NUM     0.9444    0.8947    0.9189        57
        PRON     0.7706    0.7570    0.7638       568
       PROPN     0.7784    0.7879    0.7831       165
       PUNCT     1.0000    1.0000    1.0000       160
       SCONJ     0.5882    0.5714    0.5797       105
        VERB     0.7411    0.7755    0.7579       882

    accuracy                         0.8009      5169
   macro avg     0.7338    0.7248    0.7286      5169
weighted avg     0.8001    0.8009    0.7999      5169
