              precision    recall  f1-score   support

         ADJ     0.7785    0.6685    0.7194       531
         ADP     0.9139    0.9394    0.9265      1899
         ADV     0.7540    0.7062    0.7293       742
         AUX     0.4747    0.4273    0.4498       110
       CCONJ     0.9643    0.9601    0.9622      1405
         DET     0.8887    0.8989    0.8938      1839
        INTJ     1.0000    0.3333    0.5000         3
        NOUN     0.8724    0.9026    0.8872      2340
         NUM     0.8832    0.8670    0.8750       218
        PART     0.9947    0.9844    0.9895       192
        PRON     0.7741    0.8515    0.8110      1300
       PROPN     0.9293    0.8957    0.9122       690
       PUNCT     1.0000    1.0000    1.0000      1532
       SCONJ     0.9409    0.9272    0.9340       893
         SYM     0.9773    0.9348    0.9556        46
        VERB     0.8952    0.8636    0.8791      2779
           X     0.5000    0.5000    0.5000         6

    accuracy                         0.8916     16525
   macro avg     0.8554    0.8036    0.8191     16525
weighted avg     0.8916    0.8916    0.8911     16525
