              precision    recall  f1-score   support

         ADJ     0.5263    0.6250    0.5714        16
         ADP     0.8923    0.9206    0.9062        63
         ADV     0.5484    0.7727    0.6415        22
         AUX     0.3333    0.5000    0.4000         6
       CCONJ     0.9130    0.9130    0.9130        46
         DET     0.7879    0.7429    0.7647        35
        NOUN     0.9014    0.8889    0.8951        72
         NUM     0.8333    0.8333    0.8333         6
        PRON     0.8000    0.8780    0.8372        41
       PROPN     1.0000    0.6000    0.7500         5
       PUNCT     1.0000    1.0000    1.0000        68
        VERB     0.8158    0.5741    0.6739        54

    accuracy                         0.8364       434
   macro avg     0.7793    0.7707    0.7655       434
weighted avg     0.8480    0.8364    0.8374       434
