              precision    recall  f1-score   support

         ADJ     0.6389    0.6622    0.6503       521
         ADP     0.9056    0.9263    0.9159      1968
         ADV     0.7736    0.6902    0.7295       807
         AUX     0.5270    0.5612    0.5436       139
       CCONJ     0.9514    0.9447    0.9480      1429
         DET     0.8632    0.8911    0.8769      1947
        INTJ     0.5000    0.4000    0.4444         5
        NOUN     0.8774    0.8724    0.8749      2413
         NUM     0.8508    0.8851    0.8676       174
        PART     0.9609    0.9609    0.9609       128
        PRON     0.8039    0.7844    0.7940      1489
       PROPN     0.8819    0.9243    0.9026       687
       PUNCT     0.9987    0.9981    0.9984      1593
       SCONJ     0.9115    0.9502    0.9304       943
         SYM     0.8491    0.9574    0.9000        47
        VERB     0.8773    0.8575    0.8673      2926
           X     0.8462    0.5500    0.6667        20

    accuracy                         0.8776     17236
   macro avg     0.8246    0.8127    0.8160     17236
weighted avg     0.8773    0.8776    0.8771     17236
