              precision    recall  f1-score   support

         ADJ     0.6480    0.6480    0.6480       588
         ADP     0.8973    0.9258    0.9113      1954
         ADV     0.7522    0.6689    0.7082       876
         AUX     0.5379    0.4671    0.5000       152
       CCONJ     0.9424    0.9586    0.9504      1450
         DET     0.8681    0.8864    0.8771      1945
        INTJ     0.5000    0.5000    0.5000         4
        NOUN     0.8613    0.8783    0.8697      2489
         NUM     0.8066    0.8769    0.8403       195
        PART     0.9640    0.9781    0.9710       137
        PRON     0.7620    0.7724    0.7672      1459
       PROPN     0.9307    0.8769    0.9030       674
       PUNCT     1.0000    0.9981    0.9990      1553
       SCONJ     0.9214    0.9113    0.9163       913
         SYM     0.9302    0.8696    0.8989        46
        VERB     0.8585    0.8461    0.8522      2982
           X     1.0000    0.8333    0.9091         6

    accuracy                         0.8679     17423
   macro avg     0.8342    0.8174    0.8248     17423
weighted avg     0.8671    0.8679    0.8672     17423
