TOKEN-LEVEL RESULTS
==================================================
              precision    recall  f1-score   support

         ADJ     0.7400    0.6771    0.7071       929
         ADP     0.8891    0.9356    0.9117      2468
         ADV     0.7433    0.7037    0.7229      1144
         AUX     0.5174    0.5339    0.5255       251
       CCONJ     0.9341    0.9528    0.9434      1801
         DET     0.8855    0.8999    0.8926      2337
        INTJ     0.6667    0.2500    0.3636         8
        NOUN     0.8856    0.8793    0.8825      3381
         NUM     0.8632    0.8798    0.8714       208
        PART     1.0000    0.9781    0.9889       137
        PRON     0.7949    0.8172    0.8059      1926
       PROPN     0.9066    0.8525    0.8787       854
       PUNCT     0.9994    0.9962    0.9978      1600
       SCONJ     0.9125    0.8897    0.9010      1043
         SYM     1.0000    0.9583    0.9787        48
        VERB     0.8600    0.8564    0.8582      3795
           X     0.5556    0.8333    0.6667         6

    accuracy                         0.8713     21936
   macro avg     0.8326    0.8173    0.8175     21936
weighted avg     0.8708    0.8713    0.8708     21936
