              precision    recall  f1-score   support

         ADJ     0.7430    0.7288    0.7358       472
         ADP     0.9172    0.9386    0.9278      1889
         ADV     0.7464    0.7411    0.7438       703
         AUX     0.6496    0.5758    0.6104       132
       CCONJ     0.9578    0.9690    0.9634      1357
         DET     0.8751    0.8849    0.8799      1876
        INTJ     0.3333    0.5000    0.4000         2
        NOUN     0.9000    0.8887    0.8944      2229
         NUM     0.8426    0.8783    0.8601       189
        PART     1.0000    0.9890    0.9945       182
        PRON     0.8186    0.8116    0.8151      1385
       PROPN     0.9383    0.9116    0.9247       701
       PUNCT     1.0000    0.9987    0.9994      1593
       SCONJ     0.9423    0.9501    0.9462       962
         SYM     0.9744    0.9268    0.9500        41
        VERB     0.8900    0.8900    0.8900      2790
           X     0.6923    0.5625    0.6207        16

    accuracy                         0.8968     16519
   macro avg     0.8365    0.8321    0.8327     16519
weighted avg     0.8964    0.8968    0.8966     16519
