              precision    recall  f1-score   support

         ADJ     0.7139    0.6537    0.6825       462
         ADP     0.9082    0.9347    0.9213      1884
         ADV     0.6949    0.7241    0.7092       714
         AUX     0.6923    0.5714    0.6261       126
       CCONJ     0.9540    0.9605    0.9573      1318
         DET     0.8597    0.8837    0.8715      1823
        INTJ     0.2500    0.3333    0.2857         3
        NOUN     0.8746    0.8805    0.8776      2210
         NUM     0.8557    0.8691    0.8623       191
        PART     0.9538    0.9688    0.9612       128
        PRON     0.8061    0.7736    0.7895      1343
       PROPN     0.9434    0.8969    0.9195       669
       PUNCT     1.0000    0.9987    0.9994      1587
       SCONJ     0.9185    0.9544    0.9361       921
         SYM     0.8800    0.9362    0.9072        47
        VERB     0.8849    0.8677    0.8762      2721
           X     0.7778    0.7000    0.7368        20

    accuracy                         0.8838     16167
   macro avg     0.8216    0.8181    0.8188     16167
weighted avg     0.8832    0.8838    0.8833     16167
