              precision    recall  f1-score   support

         ADJ     0.7655    0.5745    0.6564       517
         ADP     0.8970    0.9388    0.9174      1864
         ADV     0.7765    0.6676    0.7179       734
         AUX     0.4623    0.4667    0.4645       105
       CCONJ     0.9369    0.9741    0.9551      1388
         DET     0.8732    0.8794    0.8763      1824
        INTJ     0.5000    0.3333    0.4000         3
        NOUN     0.8481    0.9041    0.8752      2304
         NUM     0.8866    0.8000    0.8411       215
        PART     0.9639    0.9842    0.9740       190
        PRON     0.8135    0.7461    0.7783      1280
       PROPN     0.9297    0.8750    0.9015       680
       PUNCT     1.0000    1.0000    1.0000      1526
       SCONJ     0.9168    0.9469    0.9316       885
         SYM     0.9730    0.7826    0.8675        46
        VERB     0.8549    0.8760    0.8653      2743
           X     0.8333    0.8333    0.8333         6

    accuracy                         0.8794     16310
   macro avg     0.8371    0.7990    0.8150     16310
weighted avg     0.8776    0.8794    0.8774     16310
