TOKEN-LEVEL RESULTS
==================================================
              precision    recall  f1-score   support

         ADJ     0.7550    0.7377    0.7463       610
         ADP     0.9062    0.9449    0.9252      2198
         ADV     0.7635    0.7486    0.7559       871
         AUX     0.6792    0.5838    0.6279       185
       CCONJ     0.9570    0.9673    0.9621      1497
         DET     0.8689    0.9105    0.8892      2067
        INTJ     0.6667    0.5000    0.5714         4
        NOUN     0.8785    0.8897    0.8841      2683
         NUM     0.8693    0.8918    0.8804       194
        PART     1.0000    0.9848    0.9924       132
        PRON     0.8465    0.7995    0.8223      1586
       PROPN     0.9132    0.9084    0.9108       764
       PUNCT     0.9994    0.9982    0.9988      1648
       SCONJ     0.9369    0.9360    0.9365      1000
         SYM     0.9184    0.9375    0.9278        48
        VERB     0.8932    0.8675    0.8802      3162
           X     0.7059    0.6000    0.6486        20

    accuracy                         0.8920     18669
   macro avg     0.8563    0.8357    0.8447     18669
weighted avg     0.8912    0.8920    0.8914     18669
