              precision    recall  f1-score   support

         ADJ     0.7987    0.7017    0.7471       181
         ADP     0.9409    0.9355    0.9382      1379
         ADV     0.8289    0.7091    0.7643       526
       CCONJ     0.9913    0.9856    0.9884      1039
         DET     0.8452    0.9209    0.8814      1453
        INTJ     1.0000    0.3333    0.5000         3
        NOUN     0.8962    0.9103    0.9032      1394
         NUM     0.9141    0.7905    0.8478       148
        PART     0.9671    0.9671    0.9671       152
        PRON     0.8632    0.8318    0.8472       880
       PROPN     0.9675    0.9735    0.9705       490
       PUNCT     0.9993    0.9993    0.9993      1337
       SCONJ     0.9785    0.9829    0.9807       878
         SYM     0.9302    0.9524    0.9412        42
        VERB     0.9169    0.9223    0.9196      2009
           X     1.0000    0.4000    0.5714        10

    accuracy                         0.9220     11921
   macro avg     0.9274    0.8323    0.8605     11921
weighted avg     0.9220    0.9220    0.9213     11921
