              precision    recall  f1-score   support

         ADJ     0.5000    0.5000    0.5000        16
         ADP     0.8769    0.9048    0.8906        63
         ADV     0.7143    0.6818    0.6977        22
         AUX     0.5000    0.5000    0.5000         6
       CCONJ     0.9149    0.9348    0.9247        46
         DET     0.7692    0.8571    0.8108        35
        NOUN     0.8333    0.9028    0.8667        72
         NUM     0.8333    0.8333    0.8333         6
        PRON     0.8049    0.8049    0.8049        41
       PROPN     1.0000    0.4000    0.5714         5
       PUNCT     1.0000    1.0000    1.0000        68
        VERB     0.8222    0.6852    0.7475        54

    accuracy                         0.8433       434
   macro avg     0.7974    0.7504    0.7623       434
weighted avg     0.8442    0.8433    0.8410       434
