              precision    recall  f1-score   support

         ADJ     0.6971    0.5978    0.6436       358
         ADP     0.8650    0.8838    0.8743       551
         ADV     0.5806    0.6742    0.6239       267
         AUX     0.6569    0.5115    0.5751       131
       CCONJ     0.8412    0.8737    0.8571       388
         DET     0.8915    0.8894    0.8904       434
        INTJ     0.0000    0.0000    0.0000         0
        NOUN     0.8598    0.7901    0.8235       986
         NUM     0.9057    0.8727    0.8889        55
        PRON     0.7439    0.7248    0.7342       545
       PROPN     0.6968    0.6708    0.6835       161
       PUNCT     1.0000    1.0000    1.0000       155
       SCONJ     0.5714    0.6214    0.5953       103
        VERB     0.7180    0.8040    0.7586       852

    accuracy                         0.7836      4986
   macro avg     0.7163    0.7081    0.7106      4986
weighted avg     0.7865    0.7836    0.7835      4986
